1024 0
1024 1
1024 2
1024 3
1024 4
1024 5
1024 6
1024 7
1024 8
1024 9
1024 10
1024 11
1024 12
1024 13
1024 14
1024 15
1024 16
1024 17
1024 18
1024 19
1024 20
1024 21
1024 22
1024 23
1024 24
1024 25
1024 26
1024 27
1024 28
1024 29
1024 30
1024 31
1024 32
1024 33
1024 34
1024 35
1024 36
1024 37
1024 38
1024 39
1024 40
1024 41
1024 42
1024 43
1024 44
1024 45
1024 46
1024 47
1024 48
1024 49
1024 50
1024 51
1024 52
1024 53
1024 54
1024 55
1024 56
1024 57
1024 58
1024 59
1024 60
1024 61
1024 62
1024 63
1024 64
1024 65
1024 66
1024 67
1024 68
1024 69
1024 70
1024 71
1024 72
1024 73
1024 74
1024 75
1024 76
1024 77
1024 78
1024 79
1024 80
1024 81
1024 82
1024 83
1024 84
1024 85
1024 86
1024 87
1024 88
1024 89
1024 90
1024 91
1024 92
1024 93
1024 94
1024 95
1024 96
1024 97
1024 98
1024 99
1024 100
1024 101
1024 102
1024 103
1024 104
1024 105
1024 106
1024 107
1024 108
1024 109
1024 110
1024 111
1024 112
1024 113
1024 114
1024 115
1024 116
1024 117
1024 118
1024 119
1024 120
1024 121
1024 122
1024 123
1024 124
1024 125
1024 126
1024 127
1024 128
1024 129
1024 130
1024 131
1024 132
1024 133
1024 134
1024 135
1024 136
1024 137
1024 138
1024 139
1024 140
1024 141
1024 142
1024 143
1024 144
1024 145
1024 146
1024 147
1024 148
1024 149
1024 150
1024 151
1024 152
1024 153
1024 154
1024 155
1024 156
1024 157
1024 158
1024 159
1024 160
1024 161
1024 162
1024 163
1024 164
1024 165
1024 166
1024 167
1024 168
1024 169
1024 170
1024 171
1024 172
1024 173
1024 174
1024 175
1024 176
1024 177
1024 178
1024 179
1024 180
1024 181
1024 182
1024 183
1024 184
1024 185
1024 186
1024 187
1024 188
1024 189
1024 190
1024 191
1024 192
1024 193
1024 194
1024 195
1024 196
1024 197
1023 198
1022 199
1021 200
1020 201
1018 202
1017 203
1016 204
1015 205
1014 206
1013 207
1012 208
1011 209
1009 210
1008 211
1007 212
1006 213
1005 214
1004 215
1003 216
1002 217
1001 218
1000 219
998 220
997 221
996 222
995 223
994 224
993 225
992 226
991 227
990 228
989 229
988 230
987 231
986 232
985 233
984 234
982 235
981 236
980 237
979 238
978 239
977 240
976 241
975 242
974 243
973 244
972 245
971 246
970 247
969 248
968 249
967 250
966 251
965 252
964 253
963 254
962 255
961 256
960 257
959 258
958 259
957 260
956 261
955 262
954 263
953 264
952 265
952 266
951 267
950 268
949 269
948 270
947 271
946 272
945 273
944 274
943 275
942 276
941 277
940 278
939 279
938 280
937 281
937 282
936 283
935 284
934 285
933 286
932 287
931 288
930 289
929 290
928 291
927 292
927 293
926 294
925 295
924 296
923 297
922 298
921 299
920 300
920 301
919 302
918 303
917 304
916 305
915 306
914 307
913 308
913 309
912 310
911 311
910 312
909 313
908 314
908 315
907 316
906 317
905 318
904 319
903 320
903 321
902 322
901 323
900 324
899 325
898 326
898 327
897 328
896 329
895 330
894 331
893 332
893 333
892 334
891 335
890 336
889 337
889 338
888 339
887 340
886 341
885 342
885 343
884 344
883 345
882 346
882 347
881 348
880 349
879 350
878 351
878 352
877 353
876 354
875 355
875 356
874 357
873 358
872 359
871 360
871 361
870 362
869 363
868 364
868 365
867 366
866 367
865 368
865 369
864 370
863 371
862 372
862 373
861 374
860 375
859 376
859 377
858 378
857 379
856 380
856 381
855 382
854 383
854 384
853 385
852 386
851 387
851 388
850 389
849 390
848 391
848 392
847 393
846 394
846 395
845 396
844 397
843 398
843 399
842 400
841 401
841 402
840 403
839 404
839 405
838 406
837 407
836 408
836 409
835 410
834 411
834 412
833 413
832 414
832 415
831 416
830 417
829 418
829 419
828 420
827 421
827 422
826 423
825 424
825 425
824 426
823 427
823 428
822 429
821 430
820 431
820 432
819 433
818 434
818 435
817 436
816 437
816 438
815 439
814 440
814 441
813 442
812 443
812 444
811 445
810 446
810 447
809 448
808 449
808 450
807 451
806 452
806 453
805 454
804 455
804 456
803 457
802 458
802 459
801 460
800 461
800 462
799 463
798 464
798 465
797 466
796 467
796 468
795 469
794 470
794 471
793 472
792 473
792 474
791 475
790 476
790 477
789 478
788 479
788 480
787 481
786 482
786 483
785 484
784 485
784 486
783 487
782 488
782 489
781 490
780 491
780 492
779 493
779 494
778 495
777 496
777 497
776 498
775 499
775 500
774 501
773 502
773 503
772 504
771 505
771 506
770 507
769 508
769 509
768 510
767 511
767 512
766 513
765 514
765 515
764 516
763 517
763 518
762 519
761 520
761 521
760 522
759 523
759 524
758 525
757 526
757 527
756 528
755 529
755 530
754 531
753 532
753 533
752 534
751 535
751 536
750 537
749 538
749 539
748 540
747 541
747 542
746 543
745 544
745 545
744 546
743 547
743 548
742 549
741 550
741 551
740 552
739 553
739 554
738 555
737 556
737 557
736 558
735 559
735 560
734 561
733 562
733 563
732 564
731 565
731 566
730 567
729 568
729 569
728 570
727 571
726 572
726 573
725 574
724 575
724 576
723 577
722 578
722 579
721 580
720 581
720 582
719 583
718 584
717 585
717 586
716 587
715 588
715 589
714 590
713 591
713 592
712 593
711 594
710 595
710 596
709 597
708 598
708 599
707 600
706 601
705 602
705 603
704 604
703 605
703 606
702 607
701 608
700 609
700 610
699 611
698 612
697 613
697 614
696 615
695 616
695 617
694 618
693 619
692 620
692 621
691 622
690 623
689 624
689 625
688 626
687 627
686 628
686 629
685 630
684 631
683 632
683 633
682 634
681 635
680 636
680 637
679 638
678 639
677 640
677 641
676 642
675 643
674 644
673 645
673 646
672 647
671 648
670 649
670 650
669 651
668 652
667 653
666 654
666 655
665 656
664 657
663 658
662 659
662 660
661 661
660 662
659 663
658 664
658 665
657 666
656 667
655 668
654 669
653 670
653 671
652 672
651 673
650 674
649 675
649 676
648 677
647 678
646 679
645 680
644 681
643 682
643 683
642 684
641 685
640 686
639 687
638 688
638 689
637 690
636 691
635 692
634 693
633 694
632 695
631 696
631 697
630 698
629 699
628 700
627 701
626 702
625 703
624 704
624 705
623 706
622 707
621 708
620 709
619 710
618 711
617 712
616 713
615 714
614 715
614 716
613 717
612 718
611 719
610 720
609 721
608 722
607 723
606 724
605 725
604 726
603 727
602 728
601 729
600 730
599 731
598 732
598 733
597 734
596 735
595 736
594 737
593 738
592 739
591 740
590 741
589 742
588 743
587 744
586 745
585 746
584 747
583 748
582 749
581 750
580 751
579 752
578 753
577 754
576 755
575 756
574 757
573 758
572 759
571 760
570 761
568 762
567 763
566 764
565 765
564 766
563 767
562 768
561 769
560 770
559 771
558 772
557 773
556 774
555 775
554 776
553 777
551 778
550 779
549 780
548 781
547 782
546 783
545 784
544 785
543 786
541 787
540 788
539 789
538 790
537 791
536 792
535 793
534 794
532 795
531 796
530 797
529 798
528 799
527 800
525 801
524 802
523 803
522 804
521 805
520 806
518 807
517 808
516 809
515 810
514 811
512 812
511 813
510 814
509 815
508 816
506 817
505 818
504 819
503 820
502 821
500 822
499 823
498 824
497 825
495 826
494 827
493 828
492 829
490 830
489 831
488 832
486 833
485 834
484 835
483 836
481 837
480 838
479 839
477 840
476 841
475 842
473 843
472 844
471 845
470 846
468 847
467 848
466 849
464 850
463 851
461 852
460 853
459 854
457 855
456 856
455 857
453 858
452 859
451 860
449 861
448 862
446 863
445 864
444 865
442 866
441 867
439 868
438 869
437 870
435 871
434 872
432 873
431 874
429 875
428 876
426 877
425 878
424 879
422 880
421 881
419 882
418 883
416 884
415 885
413 886
412 887
410 888
409 889
407 890
406 891
404 892
403 893
401 894
400 895
398 896
397 897
395 898
393 899
392 900
390 901
389 902
387 903
386 904
384 905
383 906
381 907
379 908
378 909
376 910
375 911
373 912
371 913
370 914
368 915
367 916
365 917
363 918
362 919
360 920
358 921
357 922
355 923
353 924
352 925
350 926
348 927
347 928
345 929
343 930
342 931
340 932
338 933
337 934
335 935
333 936
331 937
330 938
328 939
326 940
324 941
323 942
321 943
319 944
317 945
316 946
314 947
312 948
310 949
309 950
307 951
305 952
303 953
301 954
300 955
298 956
296 957
294 958
292 959
290 960
289 961
287 962
285 963
283 964
281 965
279 966
277 967
276 968
274 969
272 970
270 971
268 972
266 973
264 974
262 975
260 976
258 977
257 978
255 979
253 980
251 981
249 982
247 983
245 984
243 985
241 986
239 987
237 988
235 989
233 990
231 991
229 992
227 993
225 994
223 995
221 996
219 997
217 998
215 999
213 1000
211 1001
209 1002
207 1003
204 1004
202 1005
200 1006
198 1007
196 1008
194 1009
192 1010
190 1011
188 1012
186 1013
183 1014
181 1015
179 1016
177 1017
175 1018
173 1019
171 1020
168 1021
166 1022
164 1023
162 1024
160 1025
157 1026
155 1027
153 1028
151 1029
149 1030
146 1031
144 1032
142 1033
140 1034
137 1035
135 1036
133 1037
131 1038
128 1039
126 1040
124 1041
121 1042
119 1043
117 1044
115 1045
112 1046
110 1047
108 1048
105 1049
103 1050
101 1051
98 1052
96 1053
94 1054
91 1055
89 1056
86 1057
84 1058
82 1059
79 1060
77 1061
74 1062
72 1063
70 1064
67 1065
65 1066
62 1067
60 1068
57 1069
55 1070
52 1071
50 1072
47 1073
45 1074
42 1075
40 1076
37 1077
35 1078
32 1079
30 1080
27 1081
25 1082
22 1083
20 1084
17 1085
15 1086
12 1087
9 1088
7 1089
4 1090
2 1091
0 1092
0 1093
0 1094
0 1095
0 1096
0 1097
0 1098
0 1099
0 1100
0 1101
0 1102
0 1103
0 1104
0 1105
0 1106
0 1107
0 1108
0 1109
0 1110
0 1111
0 1112
0 1113
0 1114
0 1115
0 1116
0 1117
0 1118
0 1119
0 1120
0 1121
0 1122
0 1123
0 1124
0 1125
0 1126
0 1127
0 1128
0 1129
0 1130
0 1131
0 1132
0 1133
0 1134
0 1135
0 1136
0 1137
0 1138
0 1139
0 1140
0 1141
0 1142
0 1143
0 1144
0 1145
0 1146
0 1147
0 1148
0 1149
0 1150
0 1151
0 1152
0 1153
0 1154
0 1155
0 1156
0 1157
0 1158
0 1159
0 1160
0 1161
0 1162
0 1163
0 1164
0 1165
0 1166
0 1167
0 1168
0 1169
0 1170
0 1171
0 1172
0 1173
0 1174
0 1175
0 1176
0 1177
0 1178
0 1179
0 1180
0 1181
0 1182
0 1183
0 1184
0 1185
0 1186
0 1187
0 1188
0 1189
0 1190
0 1191
0 1192
0 1193
0 1194
0 1195
0 1196
0 1197
0 1198
0 1199
0 1200
0 1201
0 1202
0 1203
0 1204
0 1205
0 1206
0 1207
0 1208
0 1209
0 1210
0 1211
0 1212
0 1213
0 1214
0 1215
0 1216
0 1217
0 1218
0 1219
0 1220
0 1221
0 1222
0 1223
0 1224
0 1225
0 1226
0 1227
0 1228
0 1229
0 1230
0 1231
0 1232
0 1233
0 1234
0 1235
0 1236
0 1237
0 1238
0 1239
0 1240
0 1241
0 1242
0 1243
0 1244
0 1245
0 1246
0 1247
0 1248
0 1249
0 1250
0 1251
0 1252
0 1253
0 1254
0 1255
0 1256
0 1257
0 1258
0 1259
0 1260
0 1261
0 1262
0 1263
0 1264
0 1265
0 1266
0 1267
0 1268
0 1269
0 1270
0 1271
0 1272
0 1273
0 1274
0 1275
0 1276
0 1277
0 1278
0 1279
0 1280
0 1281
0 1282
0 1283
0 1284
0 1285
0 1286
0 1287
0 1288
0 1289
0 1290
0 1291
0 1292
0 1293
0 1294
0 1295
0 1296
0 1297
0 1298
0 1299
0 1300
0 1301
0 1302
0 1303
0 1304
0 1305
0 1306
0 1307
0 1308
0 1309
0 1310
0 1311
0 1312
0 1313
0 1314
0 1315
0 1316
0 1317
0 1318
0 1319
0 1320
0 1321
0 1322
0 1323
0 1324
0 1325
0 1326
0 1327
0 1328
0 1329
0 1330
0 1331
0 1332
0 1333
0 1334
0 1335
0 1336
0 1337
0 1338
0 1339
0 1340
0 1341
0 1342
0 1343
0 1344
0 1345
0 1346
0 1347
0 1348
0 1349
0 1350
0 1351
0 1352
0 1353
0 1354
0 1355
0 1356
0 1357
0 1358
0 1359
0 1360
0 1361
0 1362
0 1363
0 1364
0 1365
0 1366
0 1367
0 1368
0 1369
0 1370
0 1371
0 1372
0 1373
0 1374
0 1375
0 1376
0 1377
0 1378
0 1379
0 1380
0 1381
0 1382
0 1383
0 1384
0 1385
0 1386
0 1387
0 1388
0 1389
0 1390
0 1391
0 1392
0 1393
0 1394
0 1395
0 1396
0 1397
0 1398
0 1399
0 1400
0 1401
0 1402
0 1403
0 1404
0 1405
0 1406
0 1407
0 1408
0 1409
0 1410
0 1411
0 1412
0 1413
0 1414
0 1415
0 1416
0 1417
0 1418
0 1419
0 1420
0 1421
0 1422
0 1423
0 1424
0 1425
0 1426
0 1427
0 1428
0 1429
0 1430
0 1431
0 1432
0 1433
0 1434
0 1435
0 1436
0 1437
0 1438
0 1439
0 1440
0 1441
0 1442
0 1443
0 1444
0 1445
0 1446
0 1447
0 1448
0 1449
0 1450
0 1451
0 1452
0 1453
0 1454
0 1455
0 1456
0 1457
0 1458
0 1459
0 1460
0 1461
0 1462
0 1463
0 1464
0 1465
0 1466
0 1467
0 1468
0 1469
0 1470
0 1471
0 1472
0 1473
0 1474
0 1475
0 1476
0 1477
0 1478
0 1479
0 1480
0 1481
0 1482
0 1483
0 1484
0 1485
0 1486
0 1487
0 1488
0 1489
0 1490
0 1491
0 1492
0 1493
0 1494
0 1495
0 1496
0 1497
0 1498
0 1499
0 1500
0 1501
0 1502
0 1503
0 1504
0 1505
0 1506
0 1507
0 1508
0 1509
0 1510
0 1511
0 1512
0 1513
0 1514
0 1515
0 1516
0 1517
0 1518
0 1519
0 1520
0 1521
0 1522
0 1523
0 1524
0 1525
0 1526
0 1527
0 1528
0 1529
0 1530
0 1531
0 1532
0 1533
0 1534
0 1535
0 1536
0 1537
0 1538
0 1539
0 1540
0 1541
0 1542
0 1543
0 1544
0 1545
0 1546
0 1547
0 1548
0 1549
0 1550
0 1551
0 1552
0 1553
0 1554
0 1555
0 1556
0 1557
0 1558
0 1559
0 1560
0 1561
0 1562
0 1563
0 1564
0 1565
0 1566
0 1567
0 1568
0 1569
0 1570
0 1571
0 1572
0 1573
0 1574
0 1575
0 1576
0 1577
0 1578
0 1579
0 1580
0 1581
0 1582
0 1583
0 1584
0 1585
0 1586
0 1587
0 1588
0 1589
0 1590
0 1591
0 1592
0 1593
0 1594
0 1595
0 1596
0 1597
0 1598
0 1599
0 1600
0 1601
0 1602
0 1603
0 1604
0 1605
0 1606
0 1607
0 1608
0 1609
0 1610
0 1611
0 1612
0 1613
0 1614
0 1615
0 1616
0 1617
0 1618
0 1619
0 1620
0 1621
0 1622
0 1623
0 1624
0 1625
0 1626
0 1627
0 1628
0 1629
0 1630
0 1631
0 1632
0 1633
0 1634
0 1635
0 1636
0 1637
0 1638
0 1639
0 1640
0 1641
0 1642
0 1643
0 1644
0 1645
0 1646
0 1647
0 1648
0 1649
0 1650
0 1651
0 1652
0 1653
0 1654
0 1655
0 1656
0 1657
0 1658
0 1659
0 1660
0 1661
0 1662
0 1663
0 1664
0 1665
0 1666
0 1667
0 1668
0 1669
0 1670
0 1671
0 1672
0 1673
0 1674
0 1675
0 1676
0 1677
0 1678
0 1679
0 1680
0 1681
0 1682
0 1683
0 1684
0 1685
0 1686
0 1687
0 1688
0 1689
0 1690
0 1691
0 1692
0 1693
0 1694
0 1695
0 1696
0 1697
0 1698
0 1699
0 1700
0 1701
0 1702
0 1703
0 1704
0 1705
0 1706
0 1707
0 1708
0 1709
0 1710
0 1711
0 1712
0 1713
0 1714
0 1715
0 1716
0 1717
0 1718
0 1719
0 1720
0 1721
0 1722
0 1723
0 1724
0 1725
0 1726
0 1727
0 1728
0 1729
0 1730
0 1731
0 1732
0 1733
0 1734
0 1735
0 1736
0 1737
0 1738
0 1739
0 1740
0 1741
0 1742
0 1743
0 1744
0 1745
0 1746
0 1747
0 1748
0 1749
0 1750
0 1751
0 1752
0 1753
0 1754
0 1755
0 1756
0 1757
0 1758
0 1759
0 1760
0 1761
0 1762
0 1763
0 1764
0 1765
0 1766
0 1767
0 1768
0 1769
0 1770
0 1771
0 1772
0 1773
0 1774
0 1775
0 1776
0 1777
0 1778
0 1779
0 1780
0 1781
0 1782
0 1783
0 1784
0 1785
0 1786
0 1787
0 1788
0 1789
0 1790
0 1791
0 1792
0 1793
0 1794
0 1795
0 1796
0 1797
0 1798
0 1799
0 1800
0 1801
0 1802
0 1803
0 1804
0 1805
0 1806
0 1807
0 1808
0 1809
0 1810
0 1811
0 1812
0 1813
0 1814
0 1815
0 1816
0 1817
0 1818
0 1819
0 1820
0 1821
0 1822
0 1823
0 1824
0 1825
0 1826
0 1827
0 1828
0 1829
0 1830
0 1831
0 1832
0 1833
0 1834
0 1835
0 1836
0 1837
0 1838
0 1839
0 1840
0 1841
0 1842
0 1843
0 1844
0 1845
0 1846
0 1847
0 1848
0 1849
0 1850
0 1851
0 1852
0 1853
0 1854
0 1855
0 1856
0 1857
0 1858
0 1859
0 1860
0 1861
0 1862
0 1863
0 1864
0 1865
0 1866
0 1867
0 1868
0 1869
0 1870
0 1871
0 1872
0 1873
0 1874
0 1875
0 1876
0 1877
0 1878
0 1879
0 1880
0 1881
0 1882
0 1883
0 1884
0 1885
0 1886
0 1887
0 1888
0 1889
0 1890
0 1891
0 1892
0 1893
0 1894
0 1895
0 1896
0 1897
0 1898
0 1899
0 1900
0 1901
0 1902
0 1903
0 1904
0 1905
0 1906
0 1907
0 1908
0 1909
0 1910
0 1911
0 1912
0 1913
0 1914
0 1915
0 1916
0 1917
0 1918
0 1919
0 1920
0 1921
0 1922
0 1923
0 1924
0 1925
0 1926
0 1927
0 1928
0 1929
0 1930
0 1931
0 1932
0 1933
0 1934
0 1935
0 1936
0 1937
0 1938
0 1939
0 1940
0 1941
0 1942
0 1943
0 1944
0 1945
0 1946
0 1947
0 1948
0 1949
0 1950
0 1951
0 1952
0 1953
0 1954
0 1955
0 1956
0 1957
0 1958
0 1959
0 1960
0 1961
0 1962
0 1963
0 1964
0 1965
0 1966
0 1967
0 1968
0 1969
0 1970
0 1971
0 1972
0 1973
0 1974
0 1975
0 1976
0 1977
0 1978
0 1979
0 1980
0 1981
0 1982
0 1983
0 1984
0 1985
0 1986
0 1987
0 1988
0 1989
0 1990
0 1991
0 1992
0 1993
0 1994
0 1995
0 1996
0 1997
0 1998
0 1999
0 2000
0 2001
0 2002
0 2003
0 2004
0 2005
0 2006
0 2007
0 2008
0 2009
0 2010
0 2011
0 2012
0 2013
0 2014
0 2015
0 2016
0 2017
0 2018
0 2019
0 2020
0 2021
0 2022
0 2023
0 2024
0 2025
0 2026
0 2027
0 2028
0 2029
0 2030
0 2031
0 2032
0 2033
0 2034
0 2035
0 2036
0 2037
0 2038
0 2039
0 2040
0 2041
0 2042
0 2043
0 2044
0 2045
0 2046
0 2047
0 2048
0 2049
0 2050
0 2051
0 2052
0 2053
0 2054
0 2055
0 2056
0 2057
0 2058
0 2059
0 2060
0 2061
0 2062
0 2063
0 2064
0 2065
0 2066
0 2067
0 2068
0 2069
0 2070
0 2071
0 2072
0 2073
0 2074
0 2075
0 2076
0 2077
0 2078
0 2079
0 2080
0 2081
0 2082
0 2083
0 2084
0 2085
0 2086
0 2087
0 2088
0 2089
0 2090
0 2091
0 2092
0 2093
0 2094
0 2095
0 2096
0 2097
0 2098
0 2099
0 2100
0 2101
0 2102
0 2103
0 2104
0 2105
0 2106
0 2107
0 2108
0 2109
0 2110
0 2111
0 2112
0 2113
0 2114
0 2115
0 2116
0 2117
0 2118
0 2119
0 2120
0 2121
0 2122
0 2123
0 2124
0 2125
0 2126
0 2127
0 2128
0 2129
0 2130
0 2131
0 2132
0 2133
0 2134
0 2135
0 2136
0 2137
0 2138
0 2139
0 2140
0 2141
0 2142
0 2143
0 2144
0 2145
0 2146
0 2147
0 2148
0 2149
0 2150
0 2151
0 2152
0 2153
0 2154
0 2155
0 2156
0 2157
0 2158
0 2159
0 2160
0 2161
0 2162
0 2163
0 2164
0 2165
0 2166
0 2167
0 2168
0 2169
0 2170
0 2171
0 2172
0 2173
0 2174
0 2175
0 2176
0 2177
0 2178
0 2179
0 2180
0 2181
0 2182
0 2183
0 2184
0 2185
0 2186
0 2187
0 2188
0 2189
0 2190
0 2191
0 2192
0 2193
0 2194
0 2195
0 2196
0 2197
0 2198
0 2199
0 2200
0 2201
0 2202
0 2203
0 2204
0 2205
0 2206
0 2207
0 2208
0 2209
0 2210
0 2211
0 2212
0 2213
0 2214
0 2215
0 2216
0 2217
0 2218
0 2219
0 2220
0 2221
0 2222
0 2223
0 2224
0 2225
0 2226
0 2227
0 2228
0 2229
0 2230
0 2231
0 2232
0 2233
0 2234
0 2235
0 2236
0 2237
0 2238
0 2239
0 2240
0 2241
0 2242
0 2243
0 2244
0 2245
0 2246
0 2247
0 2248
0 2249
0 2250
0 2251
0 2252
0 2253
0 2254
0 2255
0 2256
0 2257
0 2258
0 2259
0 2260
0 2261
0 2262
0 2263
0 2264
0 2265
0 2266
0 2267
0 2268
0 2269
0 2270
0 2271
0 2272
0 2273
0 2274
0 2275
0 2276
0 2277
0 2278
0 2279
0 2280
0 2281
0 2282
0 2283
0 2284
0 2285
0 2286
0 2287
0 2288
0 2289
0 2290
0 2291
0 2292
0 2293
0 2294
0 2295
0 2296
0 2297
0 2298
0 2299
0 2300
0 2301
0 2302
0 2303
0 2304
0 2305
0 2306
0 2307
0 2308
0 2309
0 2310
0 2311
0 2312
0 2313
0 2314
0 2315
0 2316
0 2317
0 2318
0 2319
0 2320
0 2321
0 2322
0 2323
0 2324
0 2325
0 2326
0 2327
0 2328
0 2329
0 2330
0 2331
0 2332
0 2333
0 2334
0 2335
0 2336
0 2337
0 2338
0 2339
0 2340
0 2341
0 2342
0 2343
0 2344
0 2345
0 2346
0 2347
0 2348
0 2349
0 2350
0 2351
0 2352
0 2353
0 2354
0 2355
0 2356
0 2357
0 2358
0 2359
0 2360
0 2361
0 2362
0 2363
0 2364
0 2365
0 2366
0 2367
0 2368
0 2369
0 2370
0 2371
0 2372
0 2373
0 2374
0 2375
0 2376
0 2377
0 2378
0 2379
0 2380
0 2381
0 2382
0 2383
0 2384
0 2385
0 2386
0 2387
0 2388
0 2389
0 2390
0 2391
0 2392
0 2393
0 2394
0 2395
0 2396
0 2397
0 2398
0 2399
0 2400
0 2401
0 2402
0 2403
0 2404
0 2405
0 2406
0 2407
0 2408
0 2409
0 2410
0 2411
0 2412
0 2413
0 2414
0 2415
0 2416
0 2417
0 2418
0 2419
0 2420
0 2421
0 2422
0 2423
0 2424
0 2425
0 2426
0 2427
0 2428
0 2429
0 2430
0 2431
0 2432
0 2433
0 2434
0 2435
0 2436
0 2437
0 2438
0 2439
0 2440
0 2441
0 2442
0 2443
0 2444
0 2445
0 2446
0 2447
0 2448
0 2449
0 2450
0 2451
0 2452
0 2453
0 2454
0 2455
0 2456
0 2457
0 2458
0 2459
0 2460
0 2461
0 2462
0 2463
0 2464
0 2465
0 2466
0 2467
0 2468
0 2469
0 2470
0 2471
0 2472
0 2473
0 2474
0 2475
0 2476
0 2477
0 2478
0 2479
0 2480
0 2481
0 2482
0 2483
0 2484
0 2485
0 2486
0 2487
0 2488
0 2489
0 2490
0 2491
0 2492
0 2493
0 2494
0 2495
0 2496
0 2497
0 2498
0 2499
0 2500
0 2501
0 2502
0 2503
0 2504
0 2505
0 2506
0 2507
0 2508
0 2509
0 2510
0 2511
0 2512
0 2513
0 2514
0 2515
0 2516
0 2517
0 2518
0 2519
0 2520
0 2521
0 2522
0 2523
0 2524
0 2525
0 2526
0 2527
0 2528
0 2529
0 2530
0 2531
0 2532
0 2533
0 2534
0 2535
0 2536
0 2537
0 2538
0 2539
0 2540
0 2541
0 2542
0 2543
0 2544
0 2545
0 2546
0 2547
0 2548
0 2549
0 2550
0 2551
0 2552
0 2553
0 2554
0 2555
0 2556
0 2557
0 2558
0 2559
0 2560
0 2561
0 2562
0 2563
0 2564
0 2565
0 2566
0 2567
0 2568
0 2569
0 2570
0 2571
0 2572
0 2573
0 2574
0 2575
0 2576
0 2577
0 2578
0 2579
0 2580
0 2581
0 2582
0 2583
0 2584
0 2585
0 2586
0 2587
0 2588
0 2589
0 2590
0 2591
0 2592
0 2593
0 2594
0 2595
0 2596
0 2597
0 2598
0 2599
0 2600
0 2601
0 2602
0 2603
0 2604
0 2605
0 2606
0 2607
0 2608
0 2609
0 2610
0 2611
0 2612
0 2613
0 2614
0 2615
0 2616
0 2617
0 2618
0 2619
0 2620
0 2621
0 2622
0 2623
0 2624
0 2625
0 2626
0 2627
0 2628
0 2629
0 2630
0 2631
0 2632
0 2633
0 2634
0 2635
0 2636
0 2637
0 2638
0 2639
0 2640
0 2641
0 2642
0 2643
0 2644
0 2645
0 2646
0 2647
0 2648
0 2649
0 2650
0 2651
0 2652
0 2653
0 2654
0 2655
0 2656
0 2657
0 2658
0 2659
0 2660
0 2661
0 2662
0 2663
0 2664
0 2665
0 2666
0 2667
0 2668
0 2669
0 2670
0 2671
0 2672
0 2673
0 2674
0 2675
0 2676
0 2677
0 2678
0 2679
0 2680
0 2681
0 2682
0 2683
0 2684
0 2685
0 2686
0 2687
0 2688
0 2689
0 2690
0 2691
0 2692
0 2693
0 2694
0 2695
0 2696
0 2697
0 2698
0 2699
0 2700
0 2701
0 2702
0 2703
0 2704
0 2705
0 2706
0 2707
0 2708
0 2709
0 2710
0 2711
0 2712
0 2713
0 2714
0 2715
0 2716
0 2717
0 2718
0 2719
0 2720
0 2721
0 2722
0 2723
0 2724
0 2725
0 2726
0 2727
0 2728
0 2729
0 2730
0 2731
0 2732
0 2733
0 2734
0 2735
0 2736
0 2737
0 2738
0 2739
0 2740
0 2741
0 2742
0 2743
0 2744
0 2745
0 2746
0 2747
0 2748
0 2749
0 2750
0 2751
0 2752
0 2753
0 2754
0 2755
0 2756
0 2757
0 2758
0 2759
0 2760
0 2761
0 2762
0 2763
0 2764
0 2765
0 2766
0 2767
0 2768
0 2769
0 2770
0 2771
0 2772
0 2773
0 2774
0 2775
0 2776
0 2777
0 2778
0 2779
0 2780
0 2781
0 2782
0 2783
0 2784
0 2785
0 2786
0 2787
0 2788
0 2789
0 2790
0 2791
0 2792
0 2793
0 2794
0 2795
0 2796
0 2797
0 2798
0 2799
0 2800
0 2801
0 2802
0 2803
0 2804
0 2805
0 2806
0 2807
0 2808
0 2809
0 2810
0 2811
0 2812
0 2813
0 2814
0 2815
0 2816
0 2817
0 2818
0 2819
0 2820
0 2821
0 2822
0 2823
0 2824
0 2825
0 2826
0 2827
0 2828
0 2829
0 2830
0 2831
0 2832
0 2833
0 2834
0 2835
0 2836
0 2837
0 2838
0 2839
0 2840
0 2841
0 2842
0 2843
0 2844
0 2845
0 2846
0 2847
0 2848
0 2849
0 2850
0 2851
0 2852
0 2853
0 2854
0 2855
0 2856
0 2857
0 2858
0 2859
0 2860
0 2861
0 2862
0 2863
0 2864
0 2865
0 2866
0 2867
0 2868
0 2869
0 2870
0 2871
0 2872
0 2873
0 2874
0 2875
0 2876
0 2877
0 2878
0 2879
0 2880
0 2881
0 2882
0 2883
0 2884
0 2885
0 2886
0 2887
0 2888
0 2889
0 2890
0 2891
0 2892
0 2893
0 2894
0 2895
0 2896
0 2897
0 2898
0 2899
0 2900
0 2901
0 2902
0 2903
0 2904
0 2905
0 2906
0 2907
0 2908
0 2909
0 2910
0 2911
0 2912
0 2913
0 2914
0 2915
0 2916
0 2917
0 2918
0 2919
0 2920
0 2921
0 2922
0 2923
0 2924
0 2925
0 2926
0 2927
0 2928
0 2929
0 2930
0 2931
0 2932
0 2933
0 2934
0 2935
0 2936
0 2937
0 2938
0 2939
0 2940
0 2941
0 2942
0 2943
0 2944
0 2945
0 2946
0 2947
0 2948
0 2949
0 2950
0 2951
0 2952
0 2953
0 2954
0 2955
0 2956
0 2957
0 2958
0 2959
0 2960
0 2961
0 2962
0 2963
0 2964
0 2965
0 2966
0 2967
0 2968
0 2969
0 2970
0 2971
0 2972
0 2973
0 2974
0 2975
0 2976
0 2977
0 2978
0 2979
0 2980
0 2981
0 2982
0 2983
0 2984
0 2985
0 2986
0 2987
0 2988
0 2989
0 2990
0 2991
0 2992
0 2993
0 2994
0 2995
0 2996
0 2997
0 2998
0 2999
0 3000
0 3001
0 3002
0 3003
0 3004
0 3005
0 3006
0 3007
0 3008
0 3009
0 3010
0 3011
0 3012
0 3013
0 3014
0 3015
0 3016
0 3017
0 3018
0 3019
0 3020
0 3021
0 3022
0 3023
0 3024
0 3025
0 3026
0 3027
0 3028
0 3029
0 3030
0 3031
0 3032
0 3033
0 3034
0 3035
0 3036
0 3037
0 3038
0 3039
0 3040
0 3041
0 3042
0 3043
0 3044
0 3045
0 3046
0 3047
0 3048
0 3049
0 3050
1 3051
3 3052
4 3053
6 3054
7 3055
9 3056
11 3057
12 3058
14 3059
15 3060
17 3061
18 3062
20 3063
22 3064
23 3065
25 3066
26 3067
28 3068
29 3069
31 3070
33 3071
34 3072
36 3073
37 3074
39 3075
40 3076
42 3077
43 3078
45 3079
46 3080
48 3081
49 3082
51 3083
53 3084
54 3085
56 3086
57 3087
59 3088
60 3089
62 3090
63 3091
65 3092
66 3093
68 3094
69 3095
71 3096
72 3097
73 3098
75 3099
76 3100
78 3101
79 3102
81 3103
82 3104
84 3105
85 3106
87 3107
88 3108
90 3109
91 3110
92 3111
94 3112
95 3113
97 3114
98 3115
100 3116
101 3117
103 3118
104 3119
105 3120
107 3121
108 3122
110 3123
111 3124
112 3125
114 3126
115 3127
117 3128
118 3129
119 3130
121 3131
122 3132
124 3133
125 3134
126 3135
128 3136
129 3137
130 3138
132 3139
133 3140
135 3141
136 3142
137 3143
139 3144
140 3145
141 3146
143 3147
144 3148
145 3149
147 3150
148 3151
149 3152
151 3153
152 3154
153 3155
155 3156
156 3157
157 3158
159 3159
160 3160
161 3161
163 3162
164 3163
165 3164
167 3165
168 3166
169 3167
170 3168
172 3169
173 3170
174 3171
176 3172
177 3173
178 3174
179 3175
181 3176
182 3177
183 3178
185 3179
186 3180
187 3181
188 3182
190 3183
191 3184
192 3185
193 3186
195 3187
196 3188
197 3189
198 3190
200 3191
201 3192
202 3193
203 3194
205 3195
206 3196
207 3197
208 3198
209 3199
211 3200
212 3201
213 3202
214 3203
216 3204
217 3205
218 3206
219 3207
220 3208
222 3209
223 3210
224 3211
225 3212
226 3213
228 3214
229 3215
230 3216
231 3217
232 3218
233 3219
235 3220
236 3221
237 3222
238 3223
239 3224
240 3225
242 3226
243 3227
244 3228
245 3229
246 3230
247 3231
249 3232
250 3233
251 3234
252 3235
253 3236
254 3237
255 3238
256 3239
258 3240
259 3241
260 3242
261 3243
262 3244
263 3245
264 3246
265 3247
267 3248
268 3249
269 3250
270 3251
271 3252
272 3253
273 3254
274 3255
275 3256
276 3257
278 3258
279 3259
280 3260
281 3261
282 3262
283 3263
284 3264
285 3265
286 3266
287 3267
288 3268
289 3269
290 3270
292 3271
293 3272
294 3273
295 3274
296 3275
297 3276
298 3277
299 3278
300 3279
301 3280
302 3281
303 3282
304 3283
305 3284
306 3285
307 3286
308 3287
309 3288
310 3289
311 3290
312 3291
313 3292
314 3293
315 3294
316 3295
317 3296
318 3297
319 3298
320 3299
321 3300
322 3301
323 3302
324 3303
325 3304
326 3305
327 3306
328 3307
329 3308
330 3309
331 3310
332 3311
333 3312
334 3313
335 3314
336 3315
337 3316
338 3317
339 3318
340 3319
341 3320
342 3321
343 3322
344 3323
345 3324
346 3325
347 3326
348 3327
349 3328
350 3329
351 3330
351 3331
352 3332
353 3333
354 3334
355 3335
356 3336
357 3337
358 3338
359 3339
360 3340
361 3341
362 3342
363 3343
364 3344
364 3345
365 3346
366 3347
367 3348
368 3349
369 3350
370 3351
371 3352
372 3353
373 3354
374 3355
374 3356
375 3357
376 3358
377 3359
378 3360
379 3361
380 3362
381 3363
382 3364
382 3365
383 3366
384 3367
385 3368
386 3369
387 3370
388 3371
389 3372
389 3373
390 3374
391 3375
392 3376
393 3377
394 3378
395 3379
395 3380
396 3381
397 3382
398 3383
399 3384
400 3385
400 3386
401 3387
402 3388
403 3389
404 3390
405 3391
405 3392
406 3393
407 3394
408 3395
409 3396
410 3397
410 3398
411 3399
412 3400
413 3401
414 3402
415 3403
415 3404
416 3405
417 3406
418 3407
419 3408
419 3409
420 3410
421 3411
422 3412
423 3413
423 3414
424 3415
425 3416
426 3417
427 3418
427 3419
428 3420
429 3421
430 3422
431 3423
431 3424
432 3425
433 3426
434 3427
434 3428
435 3429
436 3430
437 3431
437 3432
438 3433
439 3434
440 3435
441 3436
441 3437
442 3438
443 3439
444 3440
444 3441
445 3442
446 3443
447 3444
447 3445
448 3446
449 3447
450 3448
450 3449
451 3450
452 3451
453 3452
453 3453
454 3454
455 3455
456 3456
456 3457
457 3458
458 3459
458 3460
459 3461
460 3462
461 3463
461 3464
462 3465
463 3466
463 3467
464 3468
465 3469
466 3470
466 3471
467 3472
468 3473
468 3474
469 3475
470 3476
471 3477
471 3478
472 3479
473 3480
473 3481
474 3482
475 3483
475 3484
476 3485
477 3486
478 3487
478 3488
479 3489
480 3490
480 3491
481 3492
482 3493
482 3494
483 3495
484 3496
484 3497
485 3498
486 3499
486 3500
487 3501
488 3502
488 3503
489 3504
490 3505
490 3506
491 3507
492 3508
492 3509
493 3510
494 3511
494 3512
495 3513
496 3514
496 3515
497 3516
498 3517
498 3518
499 3519
500 3520
500 3521
501 3522
502 3523
502 3524
503 3525
504 3526
504 3527
505 3528
505 3529
506 3530
507 3531
507 3532
508 3533
509 3534
509 3535
510 3536
511 3537
511 3538
512 3539
512 3540
513 3541
514 3542
514 3543
515 3544
516 3545
516 3546
517 3547
517 3548
518 3549
519 3550
519 3551
520 3552
520 3553
521 3554
522 3555
522 3556
523 3557
523 3558
524 3559
525 3560
525 3561
526 3562
526 3563
527 3564
528 3565
528 3566
529 3567
529 3568
530 3569
531 3570
531 3571
532 3572
532 3573
533 3574
534 3575
534 3576
535 3577
535 3578
536 3579
537 3580
537 3581
538 3582
538 3583
539 3584
539 3585
540 3586
541 3587
541 3588
542 3589
542 3590
543 3591
543 3592
544 3593
545 3594
545 3595
546 3596
546 3597
547 3598
547 3599
548 3600
549 3601
549 3602
550 3603
550 3604
551 3605
551 3606
552 3607
553 3608
553 3609
554 3610
554 3611
555 3612
555 3613
556 3614
556 3615
557 3616
557 3617
558 3618
559 3619
559 3620
560 3621
560 3622
561 3623
561 3624
562 3625
562 3626
563 3627
563 3628
564 3629
565 3630
565 3631
566 3632
566 3633
567 3634
567 3635
568 3636
568 3637
569 3638
569 3639
570 3640
570 3641
571 3642
571 3643
572 3644
573 3645
573 3646
574 3647
574 3648
575 3649
575 3650
576 3651
576 3652
577 3653
577 3654
578 3655
578 3656
579 3657
579 3658
580 3659
580 3660
581 3661
581 3662
582 3663
582 3664
583 3665
583 3666
584 3667
584 3668
585 3669
585 3670
586 3671
586 3672
587 3673
587 3674
588 3675
589 3676
589 3677
590 3678
590 3679
591 3680
591 3681
592 3682
592 3683
593 3684
593 3685
594 3686
594 3687
595 3688
595 3689
596 3690
596 3691
596 3692
597 3693
597 3694
598 3695
598 3696
599 3697
599 3698
600 3699
600 3700
601 3701
601 3702
602 3703
602 3704
603 3705
603 3706
604 3707
604 3708
605 3709
605 3710
606 3711
606 3712
607 3713
607 3714
608 3715
608 3716
609 3717
609 3718
610 3719
610 3720
611 3721
611 3722
612 3723
612 3724
613 3725
613 3726
613 3727
614 3728
614 3729
615 3730
615 3731
616 3732
616 3733
617 3734
617 3735
618 3736
618 3737
619 3738
619 3739
620 3740
620 3741
621 3742
621 3743
622 3744
622 3745
622 3746
623 3747
623 3748
624 3749
624 3750
625 3751
625 3752
626 3753
626 3754
627 3755
627 3756
628 3757
628 3758
629 3759
629 3760
629 3761
630 3762
630 3763
631 3764
631 3765
632 3766
632 3767
633 3768
633 3769
634 3770
634 3771
635 3772
635 3773
635 3774
636 3775
636 3776
637 3777
637 3778
638 3779
638 3780
639 3781
639 3782
640 3783
640 3784
640 3785
641 3786
641 3787
642 3788
642 3789
643 3790
643 3791
644 3792
644 3793
645 3794
645 3795
645 3796
646 3797
646 3798
647 3799
647 3800
648 3801
648 3802
649 3803
649 3804
650 3805
650 3806
650 3807
651 3808
651 3809
652 3810
652 3811
653 3812
653 3813
654 3814
654 3815
655 3816
655 3817
655 3818
656 3819
656 3820
657 3821
657 3822
658 3823
658 3824
659 3825
659 3826
659 3827
660 3828
660 3829
661 3830
661 3831
662 3832
662 3833
663 3834
663 3835
664 3836
664 3837
664 3838
665 3839
665 3840
666 3841
666 3842
667 3843
667 3844
668 3845
668 3846
668 3847
669 3848
669 3849
670 3850
670 3851
671 3852
671 3853
672 3854
672 3855
672 3856
673 3857
673 3858
674 3859
674 3860
675 3861
675 3862
676 3863
676 3864
677 3865
677 3866
677 3867
678 3868
678 3869
679 3870
679 3871
680 3872
680 3873
681 3874
681 3875
681 3876
682 3877
682 3878
683 3879
683 3880
684 3881
684 3882
685 3883
685 3884
685 3885
686 3886
686 3887
687 3888
687 3889
688 3890
688 3891
689 3892
689 3893
690 3894
690 3895
690 3896
691 3897
691 3898
692 3899
692 3900
693 3901
693 3902
694 3903
694 3904
694 3905
695 3906
695 3907
696 3908
696 3909
697 3910
697 3911
698 3912
698 3913
699 3914
699 3915
699 3916
700 3917
700 3918
701 3919
701 3920
702 3921
702 3922
703 3923
703 3924
704 3925
704 3926
704 3927
705 3928
705 3929
706 3930
706 3931
707 3932
707 3933
708 3934
708 3935
709 3936
709 3937
710 3938
710 3939
710 3940
711 3941
711 3942
712 3943
712 3944
713 3945
713 3946
714 3947
714 3948
715 3949
715 3950
716 3951
716 3952
716 3953
717 3954
717 3955
718 3956
718 3957
719 3958
719 3959
720 3960
720 3961
721 3962
721 3963
722 3964
722 3965
723 3966
723 3967
723 3968
724 3969
724 3970
725 3971
725 3972
726 3973
726 3974
727 3975
727 3976
728 3977
728 3978
729 3979
729 3980
730 3981
730 3982
731 3983
731 3984
732 3985
732 3986
733 3987
733 3988
733 3989
734 3990
734 3991
735 3992
735 3993
736 3994
736 3995
737 3996
737 3997
738 3998
738 3999
739 4000
739 4001
740 4002
740 4003
741 4004
741 4005
742 4006
742 4007
743 4008
743 4009
744 4010
744 4011
745 4012
745 4013
746 4014
746 4015
747 4016
747 4017
748 4018
748 4019
749 4020
749 4021
750 4022
750 4023
751 4024
751 4025
752 4026
752 4027
753 4028
753 4029
754 4030
754 4031
755 4032
755 4033
756 4034
756 4035
757 4036
757 4037
758 4038
758 4039
759 4040
759 4041
760 4042
760 4043
761 4044
761 4045
762 4046
762 4047
763 4048
763 4049
764 4050
764 4051
765 4052
765 4053
766 4054
766 4055
767 4056
767 4057
768 4058
769 4059
769 4060
770 4061
770 4062
771 4063
771 4064
772 4065
772 4066
773 4067
773 4068
774 4069
774 4070
775 4071
775 4072
776 4073
776 4074
777 4075
778 4076
778 4077
779 4078
779 4079
780 4080
780 4081
781 4082
781 4083
782 4084
782 4085
783 4086
783 4087
784 4088
785 4089
785 4090
786 4091
786 4092
787 4093
787 4094
788 4095
