# flags:
#    0 = wavelength has not been assigned to this detection
#    1 = user has assigned wavelength to this detection
#    2 = detection has been automatically assigned
#    3 = automatically assigned wavelength was rejected
|              pixel | wavelength | flag |
|  39.66698099205782 |  4359.5612 |    3 |
| 360.40076111088496 |   4511.999 |    3 |
|  409.3231893899121 |   4511.999 |    1 |
|  443.2508310662927 |   4523.592 |    1 |
|  548.4838821113034 |   4523.592 |    3 |
|  660.2862523189757 |   4597.384 |    3 |
|  667.3723212933653 |   4597.384 |    3 |
|  755.4695119510985 |   4629.737 |    3 |
|  945.6260518929834 |   4703.632 |    3 |
| 1506.7493531770035 |   4884.365 |    1 |
| 1604.5556724821704 |   4917.418 |    1 |
| 1735.8740790343054 |    4961.56 |    1 |
| 1765.9660765762903 |    4971.76 |    1 |
|  1796.645680056257 |    4982.03 |    1 |
| 1930.3720926389103 |  5027.0322 |    1 |
| 1990.0192787696328 |     5047.1 |    1 |
| 2159.6496474352707 |    5104.13 |    1 |
| 2213.3767132635608 |   5122.064 |    1 |
| 2264.7440268320747 |    5139.37 |    1 |
|  2305.025634751766 |   5152.826 |    1 |
|  2337.642338813515 |   5163.722 |    1 |
|  2361.606536220864 |   5163.722 |    3 |
| 2413.5255484531353 |   5189.191 |    1 |
|  2484.940208009125 |   5220.893 |    3 |
|  2508.606738116908 |        0.0 |    0 |
|  2595.110319642213 |   5222.724 |    3 |
| 2644.5614119656457 |    5292.21 |    3 |
|  2670.023444745956 |    5292.21 |    3 |
|  2722.203990892724 |    5292.21 |    1 |
| 2800.3131115246756 |   5318.255 |    1 |
|  2868.353942754727 |   5355.525 |    3 |
|  2912.214470153544 |    5355.52 |    1 |
| 2946.6405826623713 |    5366.87 |    1 |
| 3004.2439183081124 |   5386.124 |    1 |
| 3046.9844862054133 |    5406.33 |    3 |
|  3065.003070575188 |    5406.33 |    1 |
| 3113.6539978211226 |   5422.858 |    3 |
| 3233.5477935231806 |    5462.27 |    1 |
| 3502.1294607259333 |    5551.18 |    1 |
|  3529.820280196824 |   5560.245 |    1 |
|  3571.450359584153 |        0.0 |    0 |
| 3675.0530358152378 |   5608.289 |    1 |
|  3808.635670789038 |   5652.272 |    1 |
| 3885.0787476331384 |    5677.46 |    1 |
| 3951.2128673767074 |    5677.46 |    3 |
