# flags:
#    0 = wavelength has not been assigned to this detection
#    1 = user has assigned wavelength to this detection
#    2 = detection has been automatically assigned
#    3 = automatically assigned wavelength was rejected
|              pixel | wavelength | flag |
|  133.8661823061917 |   4884.365 |    3 |
| 310.55891569070525 |   4884.365 |    3 |
|  409.8422508507112 |   4884.365 |    1 |
|  499.2535662224022 |   4917.418 |    1 |
|  618.7161962991041 |    4961.56 |    1 |
|   646.231887451905 |   4971.761 |    1 |
|  674.0736129493902 |   4982.029 |    1 |
|  795.1594623360895 |  5027.0322 |    3 |
|  863.9962129662938 |     5047.1 |    3 |
| 1005.3639931200568 |   5104.126 |    1 |
| 1054.4527359173926 |   5122.064 |    3 |
| 1101.2582353688774 |   5139.373 |    1 |
| 1137.5468380937218 |   5152.826 |    1 |
|   1167.55958827446 |   5163.722 |    1 |
| 1212.9986019962228 |   5189.191 |    3 |
| 1236.7599699616164 |   5189.191 |    1 |
|  1323.724836482993 |   5220.893 |    3 |
|  1355.517569770728 |   5222.724 |    3 |
| 1364.5940059850532 |   5222.724 |    3 |
| 1517.6907835833076 |    5292.21 |    1 |
| 1588.8498523622109 |   5318.255 |    3 |
| 1690.5706036308447 |   5355.525 |    2 |
|  1703.602520498102 |   5355.525 |    3 |
| 1721.5828418664817 |    5366.87 |    2 |
| 1774.3012455389928 |   5386.124 |    3 |
| 1829.5004773848948 |    5406.33 |    1 |
| 1874.7750658070593 |   5422.858 |    1 |
| 1957.6532708414743 |   5453.167 |    3 |
|  2058.282200124581 |     5497.4 |    3 |
| 2078.9820730845845 |     5497.4 |    1 |
|  2107.078658237656 |   5507.642 |    1 |
| 2226.7240105809346 |   5551.177 |    2 |
| 2251.6138629167635 |   5560.245 |    2 |
| 2289.6478875701273 |   5574.089 |    1 |
|  2383.769279877147 |   5608.289 |    1 |
| 2505.1430407022494 |   5652.272 |    3 |
| 2750.0794918532533 |   5741.112 |    1 |
|  2891.612267769259 |   5792.276 |    1 |
| 2927.7355826882467 |   5805.392 |    3 |
|  2968.206183388991 |    5819.93 |    1 |
|  3012.512135819169 |   5835.881 |    3 |
|   3081.52791231037 |   5860.878 |    2 |
|  3117.107370386241 |   5873.602 |    3 |
| 3146.8037330256516 |   5884.255 |    3 |
|  3167.695878770901 |     5891.8 |    3 |
|  3187.335344423391 |     5891.8 |    3 |
| 3228.5676825429614 |   5913.723 |    3 |
| 3274.8564758886127 |   5930.455 |    1 |
| 3496.5673550473707 |    6000.66 |    3 |
|  3562.977458633678 |   6033.797 |    1 |
|  3593.850448115443 |   6044.897 |    3 |
| 3620.8112614092915 |   6054.399 |    3 |
| 3639.0184864314274 |    6061.05 |    1 |
| 3676.4732780015697 |    6074.34 |    1 |
|  3748.334742016558 |   6100.491 |    1 |
|  3767.557800629801 |   6107.325 |    1 |
| 3816.8335780433513 |    6124.94 |    1 |
| 3879.0320628427885 |   6147.142 |    1 |
| 3947.8900522369327 |   6171.881 |    1 |
| 3956.3453465924845 |   6174.805 |    1 |
