# flags:
#    0 = wavelength has not been assigned to this detection
#    1 = user has assigned wavelength to this detection
#    2 = detection has been automatically assigned
#    3 = automatically assigned wavelength was rejected
|              pixel | wavelength | flag |
|  930.4250722407646 |    4077.83 |    3 |
|  956.8647499462103 |    4077.83 |    1 |
|  977.5845577563388 |    4077.83 |    3 |
|   990.324096188499 |    4077.83 |    3 |
| 1060.8677554646647 |    4077.83 |    3 |
| 1080.5008081413266 |    4077.83 |    3 |
| 1081.8357139715447 |    4077.83 |    3 |
| 1233.7013306187307 |   4159.763 |    1 |
| 1253.0028779800068 |   4159.763 |    3 |
| 1304.9988177557711 |   4183.062 |    3 |
| 1313.9433680609236 |   4183.062 |    1 |
| 1344.4468694906159 |     4199.5 |    3 |
|  1370.227983341514 |     4199.5 |    1 |
| 1378.2513867918801 |   4201.858 |    1 |
| 1503.9591490422713 |   4252.382 |    3 |
| 1551.7095789217597 |   4252.382 |    1 |
| 1580.0628419573584 |   4260.561 |    1 |
| 1603.9777491086938 |   4267.487 |    1 |
| 1624.1233285462722 |   4273.371 |    1 |
| 1635.0297366987643 |   4273.371 |    3 |
| 1720.2315810904433 |   4301.311 |    1 |
| 1751.7043660569886 |   4315.399 |    3 |
|    1768.6044444944 |   4315.399 |    1 |
|  1807.828354366817 |    4334.78 |    3 |
| 1835.5419082146163 |    4334.78 |    1 |
| 1841.4831656104643 |   4336.557 |    1 |
| 1854.7992143579665 |  4340.4428 |    1 |
|  1863.327648584923 |  4340.4428 |    3 |
| 1870.4075180514023 |   4346.389 |    3 |
| 1875.4667777915772 |   4346.389 |    1 |
| 1883.5946046322433 |  4348.7173 |    1 |
| 1894.4460382243437 |  4348.7173 |    3 |
| 1899.5142305758134 |  4348.7173 |    3 |
| 1935.0007503594202 |  4359.5612 |    3 |
| 2042.8862982537842 |  4359.5612 |    3 |
| 2061.5157009060226 |  4359.5612 |    3 |
| 2173.4526402917854 |  4359.5612 |    3 |
|   2205.12474238354 |   4511.999 |    3 |
|   2226.57869390065 |   4511.999 |    3 |
|  2272.997524450115 |   4511.999 |    3 |
| 2294.6858798810795 |   4511.999 |    3 |
|  2356.105680399721 |   4511.999 |    3 |
|  2414.413616410829 |   4511.999 |    3 |
|  2417.553846710644 |   4511.999 |    3 |
| 2429.0081517195254 |   4511.999 |    3 |
|  2434.123871496138 |   4511.999 |    3 |
|   2436.54559273119 |   4511.999 |    3 |
|  2447.624342238142 |   4511.999 |    1 |
| 2468.5742595073048 |   4523.592 |    3 |
| 2487.6237838056286 |   4523.592 |    1 |
|  2535.441870670611 |   4523.592 |    3 |
| 2546.3080928076924 |   4523.592 |    3 |
| 2632.8639346311334 |   4597.384 |    3 |
| 2672.2358513762565 |   4597.384 |    3 |
|  2723.662557830473 |   4597.384 |    3 |
|  2744.070956609098 |   4597.384 |    1 |
|  2769.991616782523 |   4597.384 |    3 |
|  2781.998474639567 |   4597.384 |    3 |
| 2794.4862038206716 |   4597.384 |    3 |
| 2856.4133730410294 |   4629.737 |    1 |
| 2962.0565498227775 |   4629.737 |    3 |
|  2986.310333188407 |   4703.632 |    3 |
|  2996.630090641893 |   4703.632 |    3 |
