# flags:
#    0 = wavelength has not been assigned to this detection
#    1 = user has assigned wavelength to this detection
#    2 = detection has been automatically assigned
#    3 = automatically assigned wavelength was rejected
|              pixel | wavelength | flag |
| 18.387383389654598 |   7083.853 |    1 |
|  36.06734329542982 |   7093.815 |    1 |
| 63.323612887388514 |   7109.437 |    1 |
|  96.09321057328431 |   7127.784 |    1 |
| 111.85589331933916 |    7136.83 |    3 |
| 133.56396701329754 |   7149.011 |    1 |
| 154.86722530996735 |   7160.812 |    3 |
|  160.6011534743558 |    7164.25 |    3 |
|   188.326406882585 |    7179.75 |    1 |
| 213.16817945576116 |    7193.16 |    3 |
|  215.0793445666529 |    7195.53 |    3 |
| 240.09970321997088 |   7208.967 |    3 |
|   309.257221291942 |    7248.01 |    3 |
|  357.7889303163773 |   7274.939 |    2 |
|  490.4183811179277 |    7349.92 |    3 |
|  500.0267309350496 |    7355.32 |    3 |
|  534.5206328227049 |   7374.148 |    3 |
|   556.024233215548 |   7386.014 |    2 |
|  571.9506027203712 |   7395.016 |    3 |
|  606.3327881620373 |    7414.05 |    3 |
|  614.0328523981898 |   7414.378 |    3 |
|  629.7692935888532 |   7427.339 |    2 |
|  648.1739221593714 |   7437.416 |    1 |
|  686.3528680366785 |    7458.74 |    3 |
|  693.9948494172996 |    7463.34 |    3 |
|  770.5191833855565 |   7505.934 |    2 |
|  789.8526571431846 |    7516.72 |    2 |
|  799.4371071270828 |    7521.95 |    3 |
|  806.2348452526933 |    7521.95 |    3 |
|  840.7405801824648 |    7545.12 |    2 |
|  857.1708749125706 |    7554.27 |    1 |
|  937.7743843213444 |    7608.39 |    3 |
|  954.2635869061608 |    7608.39 |    1 |
|  993.5952281005358 |   7637.207 |    3 |
| 1026.6474571648916 |     7648.6 |    3 |
| 1047.3950169266573 |    7669.14 |    3 |
|   1063.38639229018 |    7669.14 |    2 |
|  1076.257757960541 |    7676.29 |    2 |
| 1081.7180401713042 |    7679.45 |    3 |
|  1096.267336854947 |    7687.48 |    2 |
| 1169.2471430393086 |   7726.332 |    3 |
|  1174.580287041314 |   7730.952 |    2 |
| 1271.5739757789167 |    7816.04 |    3 |
| 1327.6449975090775 |    7816.04 |    2 |
| 1339.5739028631954 |    7822.52 |    1 |
| 1350.3430070162626 |    7828.46 |    1 |
| 1439.4506002173537 |   7893.246 |    3 |
| 1466.9041210091923 |   7893.246 |    1 |
| 1536.3463144807408 |    7931.85 |    1 |
| 1549.8486447895566 |    7939.21 |    2 |
| 1566.6840473599198 |   7950.362 |    3 |
| 1573.3284064706404 |   7950.362 |    3 |
| 1614.7833212400722 |   7975.235 |    3 |
| 1625.3724350933521 |    7981.01 |    2 |
| 1671.6795098414043 |   8008.358 |    3 |
| 1678.3411931598573 |   8008.358 |    3 |
| 1693.2954397984875 |    8016.99 |    3 |
| 1703.5748074081432 |    8024.28 |    2 |
| 1754.1963413000108 |     8052.2 |    1 |
| 1760.6932237384717 |     8056.0 |    1 |
| 1769.0652341832822 |     8060.6 |    1 |
| 1791.5278619740702 |     8072.7 |    1 |
|  1847.658072516639 |    8105.92 |    3 |
| 1868.6574349174352 |   8117.542 |    3 |
|  1876.352136558036 |   8117.542 |    3 |
|  1926.237690497729 |    8147.21 |    2 |
| 1941.3162702422615 |    8155.74 |    3 |
|  1964.277103988105 |    8168.47 |    3 |
| 2005.9297024909981 |    8191.15 |    2 |
| 2027.0035178544301 |    8202.76 |    2 |
|  2035.142943648307 |    8207.13 |    3 |
| 2043.9899942521347 |    8207.13 |    3 |
| 2095.7052910363377 |     8240.6 |    2 |
| 2118.3987855679957 |    8252.98 |    3 |
| 2140.7077568069462 |     8264.4 |    3 |
|  2158.687619392575 |     8274.8 |    3 |
| 2186.5572806197442 |    8290.57 |    2 |
|  2214.371502833434 |     8305.9 |    2 |
|  2237.585073452688 |     8318.7 |    3 |
| 2281.3792895389515 |     8342.8 |    3 |
|  2304.426966459725 |    8355.31 |    2 |
| 2392.7239826896184 |    8403.65 |    3 |
| 2401.6818439824206 |   8410.519 |    3 |
| 2423.9656554723415 |     8420.9 |    2 |
| 2431.6725504639835 |    8425.59 |    3 |
|  2468.929941001177 |     8445.6 |    1 |
|  2555.788117064063 |    8493.26 |    1 |
|  2582.033072426768 |    8507.48 |    1 |
| 2593.7234491452077 |     8513.4 |    3 |
| 2596.1407361611464 |     8515.9 |    3 |
| 2643.5089944842075 |    8541.09 |    1 |
|   2677.18778020475 |     8559.6 |    1 |
|   2723.60657745558 |     8584.9 |    1 |
| 2766.2150480776977 |    8608.14 |    1 |
| 2779.3236838062467 |    8615.34 |    1 |
| 2839.4423552159246 |    8654.72 |    3 |
| 2851.5543216235114 |    8654.72 |    1 |
| 2882.3402007566287 |   8670.324 |    3 |
| 2912.2015400387245 |    8687.86 |    1 |
|  2970.008938349961 |     8708.8 |    3 |
| 3025.1255842450555 |        0.0 |    0 |
|  3034.518420328809 |     8754.4 |    2 |
| 3044.5097495271407 |    8759.91 |    1 |
|  3053.990388999732 |    8764.89 |    1 |
| 3072.7570842914974 |   8775.137 |    1 |
|   3083.53662128061 |     8781.0 |    1 |
| 3092.9432987447153 |    8786.16 |    2 |
| 3179.6991564370546 |    8833.27 |    1 |
| 3586.4421230042985 |     9053.6 |    1 |
|  3596.960891826416 |    9059.29 |    1 |
|  3616.718436365175 |     9069.9 |    1 |
|  3631.310751629067 |   9077.886 |    1 |
|  3719.857900946968 |   9125.471 |    1 |
|  3784.804734451719 |        0.0 |    0 |
|   3852.84146108984 |   9197.161 |    2 |
|  3864.567276167267 |    9203.26 |    3 |
|  3908.246377456502 |   9227.029 |    1 |
| 3942.5360158634576 |    9245.48 |    2 |
| 3962.1143198276714 |    9256.06 |    2 |
|  3981.521543368491 |     9266.0 |    3 |
