# flags:
#    0 = wavelength has not been assigned to this detection
#    1 = user has assigned wavelength to this detection
#    2 = detection has been automatically assigned
#    3 = automatically assigned wavelength was rejected
|              pixel | wavelength | flag |
|  156.9344653879181 |   6371.336 |    1 |
| 187.23534561710514 |   6386.482 |    1 |
| 250.86370280152425 |    6418.08 |    1 |
|  391.0000903831581 |   6539.918 |    3 |
| 493.94839087077014 |   6539.918 |    3 |
|  662.5678148890204 |   6606.677 |    3 |
|  668.3267084952568 |   6606.677 |    3 |
|   776.410264665221 |   6679.125 |    1 |
|  826.2863300732811 |    6703.95 |    3 |
|  855.3635461491893 |    6718.22 |    1 |
|  872.2912765411968 |    6726.64 |    3 |
|  929.3788576813548 |   6754.697 |    3 |
|  956.8884173602244 |   6768.479 |    3 |
|   969.000190151962 |    6774.44 |    3 |
|  994.3374290701995 |    6787.04 |    3 |
| 1047.5392448595805 |    6813.16 |    2 |
|  1079.584259578334 |    6829.03 |    1 |
| 1146.8886122247184 |    6862.35 |    1 |
| 1169.2972282900237 |   6873.185 |    1 |
| 1188.1680261256001 |    6882.71 |    3 |
|   1203.33089922923 |   6890.075 |    2 |
| 1276.3570541003921 |    6926.04 |    2 |
|  1303.829108571495 |   6939.578 |    2 |
| 1330.7890664105955 |    6952.76 |    3 |
| 1349.4550805919628 |    6962.17 |    3 |
| 1448.8923042912106 |    7011.02 |    1 |
| 1468.7525082451716 |    7011.02 |    3 |
| 1491.9075695770857 |   7032.189 |    2 |
|  1523.078590269919 |    7047.48 |    1 |
| 1570.3047742137624 |   7070.684 |    2 |
| 1649.2227928593825 |   7109.437 |    2 |
| 1686.5481306709219 |   7127.784 |    2 |
| 1704.8889052514855 |    7136.83 |    2 |
| 1729.8118782656607 |   7149.011 |    2 |
| 1753.6573365108125 |   7160.812 |    3 |
| 1760.8921019124089 |    7164.25 |    2 |
| 1792.3197467733128 |    7179.75 |    1 |
| 1821.6545552700331 |    7193.16 |    3 |
| 1824.1054001789885 |    7195.53 |    3 |
| 1852.1206423838214 |   7208.967 |    2 |
| 1931.8811843364842 |    7248.01 |    1 |
| 1970.9793439673492 |    7267.17 |    1 |
| 1984.6920173757321 |   7274.939 |    3 |
| 2020.3656426392004 |    7296.91 |    3 |
|  2031.815153211021 |    7296.91 |    2 |
| 2066.3224358137027 |   7313.731 |    2 |
| 2076.0473694233197 |   7318.021 |    3 |
|  2095.096086926972 |    7335.08 |    3 |
| 2109.8208815703406 |    7335.08 |    2 |
|  2140.313569936345 |    7349.92 |    2 |
|  2151.421724532583 |    7355.32 |    1 |
| 2189.7133646182397 |   7374.148 |    3 |
| 2210.6596843721136 |   7386.014 |    3 |
| 2232.5307451591143 |   7395.016 |    3 |
| 2271.9527182978163 |    7414.05 |    3 |
|   2298.96076031735 |   7427.339 |    2 |
| 2320.0883644958226 |   7437.416 |    3 |
| 2363.4266229989476 |    7458.74 |    2 |
|  2372.806735577188 |    7463.34 |    2 |
|  2456.655936795163 |   7505.934 |    3 |
| 2479.7044525339074 |    7516.72 |    3 |
| 2493.3982737785027 |    7521.95 |    2 |
|  2540.823906354916 |    7545.12 |    3 |
| 2559.8295646076995 |    7554.27 |    2 |
| 2671.2741046790516 |    7608.39 |    1 |
|  2727.689024414846 |   7637.207 |    3 |
|  2734.335546512511 |   7637.207 |    3 |
| 2754.5869847530175 |     7648.6 |    3 |
| 2796.6803490345733 |    7669.14 |    2 |
|  2811.369725231536 |    7676.29 |    2 |
| 2817.8857664680886 |    7679.45 |    2 |
| 2834.4893732500236 |    7687.48 |    2 |
|   2924.42133708799 |   7730.952 |    2 |
| 2931.5000149326565 |    7734.52 |    3 |
| 3100.1683035433166 |    7816.04 |    3 |
|  3113.897933316398 |    7822.52 |    2 |
|  3126.475337893123 |    7828.46 |    3 |
| 3205.7895388196266 |   7893.246 |    3 |
| 3260.6510438967975 |   7893.246 |    1 |
|  3341.038767606933 |    7931.85 |    3 |
|  3356.424730306351 |    7939.21 |    3 |
|  3431.338857952779 |   7975.235 |    3 |
| 3443.1302353763253 |    7981.01 |    2 |
| 3500.1600880985525 |   8008.358 |    2 |
|  3517.942476171488 |    8016.99 |    3 |
| 3533.5286712664597 |    8024.28 |    3 |
| 3590.9296539548754 |     8052.2 |    3 |
|  3598.847444381578 |   8055.523 |    3 |
| 3608.3374398459155 |    8060.28 |    2 |
| 3634.4156341829125 |     8072.7 |    3 |
|  3655.948812305083 |     8072.7 |    3 |
|  3703.653133083046 |    8105.92 |    1 |
|  3727.960412799836 |   8117.542 |    1 |
|  3807.648218756275 |    8155.74 |    3 |
| 3828.0038923970856 |    8165.67 |    3 |
|  3835.320260094741 |    8168.47 |    3 |
| 3924.8853577924947 |    8207.13 |    3 |
