# flags:
#    0 = wavelength has not been assigned to this detection
#    1 = user has assigned wavelength to this detection
#    2 = detection has been automatically assigned
#    3 = automatically assigned wavelength was rejected
|              pixel | wavelength | flag |
|  20.27529360359089 |    5677.46 |    1 |
|  161.8483387484816 |   5741.112 |    1 |
| 229.37148980259315 |    5771.21 |    1 |
| 276.44939737924386 |   5791.286 |    2 |
|  305.8808918890754 |   5805.392 |    1 |
| 338.22865451171236 |    5819.93 |    3 |
|  374.5695362689982 |   5835.881 |    3 |
| 396.93908710330106 |   5835.881 |    3 |
|   430.142450330722 |   5860.878 |    1 |
| 458.49512999342954 |   5873.602 |    3 |
|   482.136228378977 |   5884.255 |    3 |
|  498.7679868714444 |     5891.8 |    1 |
|  548.4857427590257 |   5913.723 |    3 |
|  585.8627329923015 |   5930.455 |    3 |
|  818.1346280098581 |   6033.797 |    1 |
|  843.4850718727813 |   6044.897 |    2 |
|  864.7264721557416 |   6054.399 |    3 |
|  879.5675025928923 |    6061.05 |    3 |
|  909.4639911694657 |    6074.34 |    1 |
|  968.6360505860922 |   6100.491 |    2 |
|  983.8407804667545 |   6107.325 |    3 |
|  1023.591883667737 |    6124.94 |    2 |
| 1073.6434568872403 |   6147.142 |    1 |
| 1129.4789908438295 |   6171.881 |    2 |
|  1135.884832722255 |   6174.805 |    3 |
| 1225.0734163894901 |   6214.222 |    3 |
| 1232.7773004879298 |   6217.658 |    2 |
| 1274.2869107813785 |    6236.07 |    1 |
| 1415.5621144762242 |   6298.614 |    1 |
| 1440.0989161584885 |   6309.401 |    2 |
| 1580.3337682323483 |   6371.336 |    1 |
| 1614.7626314095223 |   6386.482 |    1 |
|  1686.304491240996 |    6418.08 |    1 |
| 1963.0768472404056 |   6539.918 |    1 |
| 1978.9962116244812 |   6539.918 |    3 |
|  2115.130768989644 |   6606.677 |    1 |
|  2188.427329116768 |   6662.516 |    3 |
|  2242.382600015584 |   6662.516 |    1 |
| 2249.9716195085875 |   6665.891 |    1 |
| 2280.2986190389906 |   6679.125 |    1 |
| 2337.0383150876983 |    6703.95 |    2 |
|  2388.911400007501 |    6726.64 |    2 |
| 2453.1112628836227 |   6754.697 |    2 |
| 2460.5213054766937 |   6758.028 |    3 |
|  2484.323263772231 |   6768.479 |    3 |
| 2498.0670263213365 |    6774.44 |    3 |
| 2527.0147023390446 |    6787.04 |    2 |
| 2569.9394000156635 |    6813.16 |    3 |
| 2586.8745907583325 |    6813.16 |    2 |
| 2623.1102676019223 |    6829.03 |    1 |
| 2699.6485501264874 |    6862.35 |    2 |
| 2724.5460174228715 |   6873.185 |    2 |
| 2746.1874486398697 |    6882.71 |    3 |
|  2763.067139352063 |   6890.075 |    3 |
| 2845.7995546610796 |    6926.04 |    2 |
| 2877.2384384494476 |   6939.578 |    1 |
| 2907.5796382950693 |    6952.76 |    3 |
| 2928.5181805572956 |    6962.17 |    3 |
|  2937.703470419212 |   6967.351 |    3 |
| 2944.3228588362904 |   6967.351 |    3 |
|  3041.493658189647 |    7011.02 |    2 |
| 3090.1316565518273 |   7032.189 |    2 |
| 3125.5236589368487 |    7047.48 |    1 |
|  3175.356619206675 |   7069.166 |    1 |
|   3209.37284343687 |   7083.853 |    1 |
|  3232.321275479457 |   7093.815 |    1 |
| 3268.4139050441895 |   7109.437 |    1 |
| 3311.0460886532123 |   7127.784 |    3 |
|  3332.137890620196 |    7136.83 |    3 |
| 3359.9529272581076 |   7149.011 |    2 |
| 3387.2232259305256 |   7160.812 |    2 |
|  3395.293001504763 |    7164.25 |    3 |
| 3431.2396947833536 |    7179.75 |    3 |
| 3467.7238582268014 |    7195.53 |    3 |
|  3498.995291608306 |   7208.967 |    1 |
| 3588.6316400653172 |    7248.01 |    3 |
|  3635.602565026372 |    7267.17 |    3 |
| 3651.8241526370352 |   7274.939 |    1 |
| 3838.5743644352638 |    7355.32 |    3 |
|  3882.047126086072 |   7374.148 |    2 |
| 3909.9706396177235 |   7386.014 |    1 |
|  3930.685374619467 |   7395.016 |    3 |
|  3975.560358606282 |   7414.378 |    2 |
