# flags:
#    0 = wavelength has not been assigned to this detection
#    1 = user has assigned wavelength to this detection
#    2 = detection has been automatically assigned
#    3 = automatically assigned wavelength was rejected
|              pixel | wavelength | flag |
| 269.56248124403055 |   4159.763 |    3 |
| 301.24871928844414 |   4159.763 |    1 |
|  318.5754835637936 |   4165.353 |    3 |
| 375.13078583074713 |   4183.062 |    1 |
|  403.2359093068393 |   4191.894 |    3 |
|  427.1065171139042 |     4199.5 |    1 |
| 434.62644216127455 |   4201.858 |    1 |
|  582.9998330861644 |   4252.382 |    3 |
|  594.7500747597066 |   4252.382 |    1 |
|  603.3988264783968 |   4252.382 |    3 |
|  620.9272962281921 |   4260.561 |    1 |
|  643.1627793613245 |   4267.487 |    1 |
|  661.7782006402506 |   4273.371 |    1 |
|   750.541909913512 |   4301.311 |    1 |
|  795.7323278926029 |   4315.399 |    3 |
|   857.091764772847 |    4334.78 |    1 |
|  875.0859070921689 |  4340.4428 |    1 |
|  893.4588989565539 |   4346.389 |    3 |
|  901.4783006789824 |  4348.7173 |    1 |
|  936.0229889385641 |  4359.5612 |    1 |
|  967.4858109167916 |  4359.5612 |    3 |
|  1206.293134617644 |   4511.999 |    3 |
| 1422.3454153742507 |   4511.999 |    1 |
|  1459.648294145933 |   4523.592 |    1 |
| 1695.8650670676072 |   4597.384 |    1 |
| 1799.5903062734121 |   4629.737 |    1 |
| 1981.5429870524604 |   4703.632 |    3 |
| 2036.7051572264781 |   4703.632 |    1 |
|  2273.436038288834 |   4703.632 |    3 |
| 2481.0288057451166 |   4884.365 |    3 |
| 2619.0742797963544 |   4884.365 |    1 |
| 2726.0843103247344 |   4917.418 |    1 |
| 2821.1689640735135 |    4961.56 |    3 |
|  2869.220315630031 |    4961.56 |    1 |
| 2902.0657173127624 |   4971.761 |    1 |
| 2935.1997910556956 |   4982.029 |    1 |
