# flags:
#    0 = wavelength has not been assigned to this detection
#    1 = user has assigned wavelength to this detection
#    2 = detection has been automatically assigned
#    3 = automatically assigned wavelength was rejected
|              pixel | wavelength | flag |
|  78.47005400264403 |   5189.191 |    3 |
|  298.5424814152224 |    5292.21 |    3 |
|  332.1995416989244 |    5292.21 |    3 |
| 396.60468080739236 |   5318.255 |    3 |
| 488.64815340449303 |   5355.525 |    3 |
|  516.7203789854813 |    5366.87 |    3 |
|   564.338106367374 |   5386.124 |    3 |
|  614.5941042891734 |    5406.33 |    2 |
|  752.8015332908764 |  5462.2675 |    2 |
|  763.4328421303201 |  5462.2675 |    3 |
|  809.5551088194552 |     5497.4 |    3 |
|  972.6202643922944 |   5551.177 |    1 |
|  995.1209499084472 |   5560.245 |    1 |
| 1021.0106067907316 |   5574.089 |    3 |
| 1029.8254601021035 |   5574.089 |    3 |
| 1114.4967560753248 |   5608.289 |    1 |
|  1224.344914884943 |   5652.272 |    1 |
| 1286.8875403472719 |    5677.46 |    1 |
| 1350.1552284252007 |    5677.46 |    3 |
| 1445.4452574333814 |   5741.112 |    1 |
| 1473.4477754544982 |   5741.112 |    3 |
| 1570.6937285491708 |   5791.286 |    2 |
|  1642.514074915424 |    5819.93 |    3 |
| 1682.0328092980553 |   5835.881 |    2 |
| 1744.5699202898413 |   5860.878 |    2 |
| 1776.3805027897458 |   5873.602 |    2 |
|  1803.271065899229 |   5884.255 |    3 |
|  1821.796905005514 |     5891.8 |    3 |
| 1876.5827493665126 |   5913.723 |    3 |
| 1918.8365937125996 |   5930.455 |    1 |
| 1953.5372630787522 |   5944.315 |    1 |
|   2065.48421440767 |    5988.96 |    1 |
| 2094.8630336651477 |    6000.66 |    1 |
|  2160.619678098809 |   6026.818 |    2 |
|  2178.364372588156 |   6033.797 |    3 |
| 2205.7592827378326 |   6044.897 |    3 |
|  2229.827646495201 |   6054.399 |    3 |
| 2246.4193739586613 |    6061.05 |    3 |
|  2279.980780275786 |    6074.34 |    3 |
|   2345.81539523211 |   6100.491 |    3 |
|  2363.213125516004 |   6107.325 |    2 |
|  2407.372633445524 |    6124.94 |    1 |
|  2463.321546785817 |   6147.142 |    1 |
| 2525.7266965862386 |   6171.881 |    1 |
| 2533.3042306715265 |   6174.805 |    1 |
| 2601.5726905165507 |   6214.222 |    3 |
| 2632.5730294335385 |   6214.222 |    1 |
|  2641.363940093211 |   6217.658 |    1 |
|  2687.546184170117 |    6236.07 |    1 |
| 2846.2200317176867 |   6298.614 |    1 |
|  2873.566960876044 |   6309.401 |    1 |
|  2998.021703801486 |   6371.336 |    3 |
| 3030.4971331660395 |   6371.336 |    1 |
| 3068.8074777129386 |   6386.482 |    1 |
|  3149.110821442573 |    6418.08 |    1 |
| 3347.5761051424834 |   6539.918 |    3 |
| 3459.0054206213795 |   6539.918 |    2 |
|  3559.541438318061 |   6606.677 |    3 |
|  3815.255399964572 |   6679.125 |    3 |
| 3875.7734802054138 |    6703.95 |    3 |
|  3912.300077962241 |    6718.22 |    3 |
| 3934.0586788236983 |    6726.64 |    3 |
